  0  32   4  11  37  23
  1  44   5   2  22  28
  2  25   5   1  36
  3  19  29  40
  4  47   0  11  41
  5  25   1   2   9
  6  18  42  53  59
  7  49  48  16  18
  8  28  48  57
  9  25   5  48  57
 10  30  58
 11  32   4  60   0  46
 12  53  42  40
 13  29  14  51  55
 14  63  29  13  35
 15  61  49  21
 16  22  48   7
 17  45  41  26
 18   6  22   7  23
 19  47   3  35  24  42
 20  38  54  33  36  28
 21  50  47  40  15  24
 22  38  54  33   1  18  16
 23   0  18  37
 24  50  47  35  21  19
 25  26   9   5   2
 26  17  32  60  36  25
 27  58  30
 28  31   8  33   1  57  20
 29  50   3  13  14  34
 30  27  10  59  39  58  62
 31  48  28
 32  11   0  26
 33  28  22  20
 34  63  29  39  44
 35  63  14  19  24
 36  26   2  60  20
 37   0  23  46
 38  22  20
 39  53  34  61  30
 40  12   3  44  21  49
 41  17   4  45  57  48
 42  12   6  44  19  62
 43  48
 44   1  53  34  42  40
 45  17  41  60  46  57
 46  11  37  45
 47   4  19  21  24
 48  43  31   8  41   9   7  16
 49   7  40  61  15
 50  29  24  21
 51  53  13  55
 52  62  59
 53  12   6  51  44  39
 54  20  22
 55  56  13  58  51
 56  63  61  55
 57   8  41   9  45  28
 58  27  10  59  30  62  55
 59  52   6  62  58  30
 60  26  36  45  11
 61  56  39  15  49
 62  52  59  30  42  58
 63  56  35  34  14
